14
17 00 18 05 33 CENTROATOMICOEZEIZA GRAL.PAZ-CONST. 4 6
17 00 18 15 40 EZE BNORTE 4 6
17 15 18 45 65 PILAR PZAITALIA 7 6
17 45 19 05 27 THAMES CONSTITUCION(CENTRO) 7 1
18 00 19 20 44 MUNRO HAEDO(OESTE1) 6 3
18 15 19 10 20 MTEGRANDE BANFIELD 5 5
18 15 19 15 20 THAMES CABILDOYLACROZE 2 6
19 50 21 45 55 LOMAS PACHECO 5 2
19 50 21 45 60 F.VARELA PACHECO 5 2
20 35 21 45 33 EST.DERQUI PACHECO 7 2
20 50 21 40 38 CIUDADELA TORTUGUITAS 3 7
21 45 22 15 20 L.MIRADOR LINIERS 3 3
22 00 23 25 76 PILAR XAUSA-CONSTIT 7 1
23 00 23 40 28 AEROP L.DEZAMORA 4 5
7
0 35 26 29 23 16 70
35 0 40 57 50 25 40
26 40 0 40 35 30 65
29 57 40 0 45 53 85
23 50 35 45 0 38 80
16 25 30 53 38 0 55
70 40 65 85 80 55 0
